4.449878353837266332e+01 1.919107792149040677e+02
8.052233303559764863e+02 4.628159829162004257e+02
4.413268626158668440e+02 9.220471444546457178e+02
1.063674572527420992e+02 1.016416787546225997e+01
2.084326993478713348e+02 3.458263215664431982e+02
5.798700601905762824e+02 3.213324271204627394e+02
6.234243156463201103e+02 5.607452757073093608e+02
4.278012647221322027e+02 6.511172041824535199e+02
9.758542199450359931e+02 9.172024692537492001e+02
1.039250835918725713e+01 7.768825099044495630e+01
7.197859404951462921e+02 6.919702701603827109e+02
3.830046685866494727e+02 4.418814420593728300e+02
8.691160125365616977e+02 7.587549739501989734e+02
3.460566931456237967e+02 8.820921511811015989e+02
6.879711740894291552e+02 4.056224950324511838e+02
8.879608354876297653e+02 6.745874727206352190e+02
4.546982717541491184e+02 8.132756395842028496e+02
1.762876534011995489e+02 1.826567184460309363e+02
2.303842450343074333e+01 9.043733701500329971e+02
5.410991254421541043e+02 3.190672386871338517e+02
5.446968487209695695e+02 1.335361230290508274e+02
9.317656000249022554e+02 2.050424787636695356e+01
7.218850635540890153e+02 1.546349077852455878e+02
2.145019512191725823e+02 8.326070981631919494e+02
2.010287093465318264e+02 5.097168728437309255e+02
3.994494690051377574e+02 2.703726412053583203e+02
9.280836820673547436e+02 4.653488924776206659e+02
5.133589046126940758e+01 3.374284249893771062e+02
3.162000793294312757e+02 7.388611230510732639e+02
1.886781657054248384e+00 6.268838413061838537e+02
1.592927279058082775e+02 6.964727364445367357e+02
2.816731941686689922e+01 4.410538929687963901e+02
6.797207809530665372e+02 8.680052671198473035e+02
9.465477253505860062e+02 1.756151995635756293e+02
7.967300760115048206e+02 9.954171895076233341e+02
4.219893190195300576e+02 1.188597820834259551e+02
3.305283528035990344e+02 6.301734412322857679e+02
2.117352002574565120e+02 6.232956481594298737e+01
