9.367773813631239364e+02 5.646938930708439557e+02
7.096999940626903935e+02 7.828605434345942058e+02
3.383054750976052105e+02 2.043536273985244804e+02
4.449878353837266332e+01 1.919107792149040677e+02
2.397678781837011570e+02 8.981376288133657226e+02
3.131238419921152740e+02 2.782094798631559343e+02
8.052233303559764863e+02 4.628159829162004257e+02
4.413268626158668440e+02 9.220471444546457178e+02
4.468054981730921327e+02 5.663328254961779749e+02
4.436089415418575754e+02 6.360622079673125882e+02
4.156576407133960771e+01 5.990084497008272137e+02
4.078736819376385370e+02 4.241014090168397956e+02
1.063674572527420992e+02 1.016416787546225997e+01
6.080736370659681143e+02 4.428992262858648701e+02
6.476194978816214416e+02 2.650534679886380331e+02
9.725213255129633581e+02 1.597316883999462220e+02
7.770303334992142936e+02 1.808852242915236559e+02
2.084326993478713348e+02 3.458263215664431982e+02
2.247032154114858713e+02 8.128010023757717590e+02
5.798700601905762824e+02 3.213324271204627394e+02
6.234243156463201103e+02 5.607452757073093608e+02
4.278012647221322027e+02 6.511172041824535199e+02
9.758542199450359931e+02 9.172024692537492001e+02
5.647933149743334980e+02 5.950146648899606134e+02
1.039250835918725713e+01 7.768825099044495630e+01
7.197859404951462921e+02 6.919702701603827109e+02
2.977805716906609632e+02 5.891584083888236592e+02
3.830046685866494727e+02 4.418814420593728300e+02
4.179230858167300084e+02 3.898839435317903508e+02
5.201554112617529881e+02 6.148054252569037317e+02
8.691160125365616977e+02 7.587549739501989734e+02
1.034680375947480968e+02 6.635022677070124928e+02
6.713111394106050511e+02 1.125414424327197906e+02
6.504547035617219990e+02 7.104520219813613267e+02
3.460566931456237967e+02 8.820921511811015989e+02
6.879711740894291552e+02 4.056224950324511838e+02
1.710857924248463462e+02 5.121182395058290240e+02
8.879608354876297653e+02 6.745874727206352190e+02
2.562322907359353508e+02 3.208367687840242297e+02
3.470762827073166363e+02 5.684279672236253873e+02
4.546982717541491184e+02 8.132756395842028496e+02
5.299346963936317252e+02 5.601319368199918927e+02
4.172511547500538995e+02 2.805150462577503845e+02
1.762876534011995489e+02 1.826567184460309363e+02
2.303842450343074333e+01 9.043733701500329971e+02
5.410991254421541043e+02 3.190672386871338517e+02
1.525124630305752049e+01 9.636459710175366808e+02
7.678096751464499903e+02 4.028095204676851608e+02
5.446968487209695695e+02 1.335361230290508274e+02
6.440571466917559746e+02 6.703597513714162233e+02
9.317656000249022554e+02 2.050424787636695356e+01
7.720398082867499170e+02 8.799228479534521057e+02
7.218850635540890153e+02 1.546349077852455878e+02
2.145019512191725823e+02 8.326070981631919494e+02
5.052578362630880520e+02 2.439696075383642722e+02
9.663021503760833184e+02 6.917952197045929097e+01
9.187057360297434343e+02 9.513671948337369031e+02
1.031058218936907735e+02 4.553149016221497050e+02
2.010287093465318264e+02 5.097168728437309255e+02
4.017706052881516712e+02 3.524052095570857546e+02
3.994494690051377574e+02 2.703726412053583203e+02
9.280836820673547436e+02 4.653488924776206659e+02
5.133589046126940758e+01 3.374284249893771062e+02
3.162000793294312757e+02 7.388611230510732639e+02
6.959916312861855658e+02 7.515713357980690716e+02
1.886781657054248384e+00 6.268838413061838537e+02
6.279033367320972729e+02 6.118089085812208623e+02
9.623358143032692169e+02 9.799711451396343591e+02
7.303741586437286060e+02 9.709986004080947168e+02
1.592927279058082775e+02 6.964727364445367357e+02
2.816731941686689922e+01 4.410538929687963901e+02
9.964333524128327326e+02 2.421368086211489583e+02
9.282586733647921164e+02 3.798082535114968437e+02
7.155613037372379495e+02 8.665328754997190117e+02
1.469398025624657578e+02 6.329100696037862690e+02
9.220941880960931769e+01 7.284269700045039144e+02
2.856144988522024732e+02 1.082501952028525061e+01
9.269642548088284002e+02 1.850687351651880590e+02
6.797207809530665372e+02 8.680052671198473035e+02
3.592217472187332419e+02 8.521060032457691023e+02
9.634507532854298688e+02 5.559355061804205178e+01
8.781844315573991935e+02 8.148194540437128808e+02
2.845608181406210520e+02 4.682924812561546446e+02
9.462239314486233752e+02 1.477012418900397392e+02
2.231443475583935196e+02 7.079063901324610697e+02
3.463818580034081265e+02 5.506914791159401830e+02
9.465477253505860062e+02 1.756151995635756293e+02
7.967300760115048206e+02 9.954171895076233341e+02
8.295498246294256433e+02 5.540546888866814470e+02
4.219893190195300576e+02 1.188597820834259551e+02
8.743658519981664767e+02 2.201214474730325321e+02
5.372691010021534908e+01 3.472379036198176436e+02
8.041627444816986099e+02 8.228212111998004730e+02
3.305283528035990344e+02 6.301734412322857679e+02
1.395254600585121807e+02 4.744682852366493080e+02
2.150670725398437071e+02 5.921525042634261808e+02
9.451248100878377727e+02 6.285871385310599635e+02
2.117352002574565120e+02 6.232956481594298737e+01
5.714102389232639325e+02 6.151342716563143540e+02
5.794555952549919766e+02 3.974862356469148494e+02
