7.096999940626903935e+02 7.828605434345942058e+02
3.383054750976052105e+02 2.043536273985244804e+02
4.449878353837266332e+01 1.919107792149040677e+02
8.052233303559764863e+02 4.628159829162004257e+02
4.413268626158668440e+02 9.220471444546457178e+02
4.468054981730921327e+02 5.663328254961779749e+02
1.063674572527420992e+02 1.016416787546225997e+01
6.080736370659681143e+02 4.428992262858648701e+02
6.476194978816214416e+02 2.650534679886380331e+02
2.084326993478713348e+02 3.458263215664431982e+02
2.247032154114858713e+02 8.128010023757717590e+02
1.039250835918725713e+01 7.768825099044495630e+01
4.179230858167300084e+02 3.898839435317903508e+02
4.546982717541491184e+02 8.132756395842028496e+02
1.762876534011995489e+02 1.826567184460309363e+02
2.303842450343074333e+01 9.043733701500329971e+02
5.446968487209695695e+02 1.335361230290508274e+02
9.317656000249022554e+02 2.050424787636695356e+01
7.218850635540890153e+02 1.546349077852455878e+02
5.052578362630880520e+02 2.439696075383642722e+02
2.010287093465318264e+02 5.097168728437309255e+02
5.133589046126940758e+01 3.374284249893771062e+02
3.162000793294312757e+02 7.388611230510732639e+02
1.886781657054248384e+00 6.268838413061838537e+02
6.279033367320972729e+02 6.118089085812208623e+02
9.623358143032692169e+02 9.799711451396343591e+02
7.303741586437286060e+02 9.709986004080947168e+02
1.592927279058082775e+02 6.964727364445367357e+02
2.816731941686689922e+01 4.410538929687963901e+02
9.282586733647921164e+02 3.798082535114968437e+02
2.856144988522024732e+02 1.082501952028525061e+01
3.592217472187332419e+02 8.521060032457691023e+02
3.463818580034081265e+02 5.506914791159401830e+02
9.465477253505860062e+02 1.756151995635756293e+02
4.219893190195300576e+02 1.188597820834259551e+02
8.041627444816986099e+02 8.228212111998004730e+02
9.451248100878377727e+02 6.285871385310599635e+02
